1 1 4280 1.303211
2 1 4280 1.259792
2 2 4280 1.320472
3 1 4280 1.286819
3 2 4280 1.255973
3 3 4280 1.310628
4 1 4280 1.286468
4 2 4280 1.257687
4 3 4280 1.299978
4 4 4280 1.305311
5 1 4280 1.286500
5 2 4280 1.257719
5 3 4280 1.300010
5 4 4280 1.301724
5 5 4280 1.308043
6 1 4280 1.257144
6 2 4280 1.314138
6 3 4280 1.256943
6 4 4280 1.256593
6 5 4280 1.262912
6 6 4280 1.340277
7 1 4280 1.259983
7 2 4280 1.265507
7 3 4280 1.259783
7 4 4280 1.261497
7 5 4280 1.261529
7 6 4280 1.264412
7 7 4280 1.392906
8 1 4280 -0.409702
8 2 4280 -0.408552
8 3 4280 -0.409902
8 4 4280 -0.410253
8 5 4280 -0.410221
8 6 4280 -0.409202
8 7 4280 -0.409602
8 8 4280 0.447874
9 1 4280 1.299558
9 2 4280 1.258203
9 3 4280 1.286784
9 4 4280 1.288498
9 5 4280 1.288530
9 6 4280 1.257109
9 7 4280 1.262013
9 8 4280 -0.409737
9 9 4280 1.301588
10 1 4280 -0.409877
10 2 4280 -0.408726
10 3 4280 -0.410077
10 4 4280 -0.410428
10 5 4280 -0.410395
10 6 4280 -0.409376
10 7 4280 -0.409777
10 8 4280 0.447700
10 9 4280 -0.409911
10 10 4280 0.457824
11 1 4280 -0.409702
11 2 4280 -0.408552
11 3 4280 -0.409902
11 4 4280 -0.410253
11 5 4280 -0.410221
11 6 4280 -0.409202
11 7 4280 -0.409602
11 8 4280 0.447874
11 9 4280 -0.409737
11 10 4280 0.447700
11 11 4280 0.447874
12 1 4280 -0.347728
12 2 4280 -0.346577
12 3 4280 -0.347928
12 4 4280 -0.348279
12 5 4280 -0.348247
12 6 4280 -0.347227
12 7 4280 -0.347628
12 8 4280 -0.082800
12 9 4280 -0.347763
12 10 4280 -0.082974
12 11 4280 -0.082800
12 12 4280 0.932418
13 1 4280 -0.347728
13 2 4280 -0.346577
13 3 4280 -0.347928
13 4 4280 -0.348279
13 5 4280 -0.348247
13 6 4280 -0.347227
13 7 4280 -0.347628
13 8 4280 -0.082800
13 9 4280 -0.347763
13 10 4280 -0.082974
13 11 4280 -0.082800
13 12 4280 0.932418
13 13 4280 0.932418
14 1 4280 -0.347728
14 2 4280 -0.346577
14 3 4280 -0.347928
14 4 4280 -0.348279
14 5 4280 -0.348247
14 6 4280 -0.347227
14 7 4280 -0.347628
14 8 4280 -0.082800
14 9 4280 -0.347763
14 10 4280 -0.082974
14 11 4280 -0.082800
14 12 4280 0.932418
14 13 4280 0.932418
14 14 4280 0.932418
15 1 4280 1.259802
15 2 4280 1.258690
15 3 4280 1.259602
15 4 4280 1.259251
15 5 4280 1.259283
15 6 4280 1.259661
15 7 4280 1.262501
15 8 4280 -0.409784
15 9 4280 1.259767
15 10 4280 -0.409958
15 11 4280 -0.409784
15 12 4280 -0.347810
15 13 4280 -0.347810
15 14 4280 -0.347810
15 15 4280 1.317161
16 1 4280 1.259522
16 2 4280 1.260475
16 3 4280 1.259322
16 4 4280 1.261036
16 5 4280 1.261068
16 6 4280 1.259381
16 7 4280 1.264285
16 8 4280 -0.410064
16 9 4280 1.261552
16 10 4280 -0.410238
16 11 4280 -0.410064
16 12 4280 -0.348090
16 13 4280 -0.348090
16 14 4280 -0.348090
16 15 4280 1.316881
16 16 4280 1.318666
17 1 4280 1.259087
17 2 4280 1.260040
17 3 4280 1.258887
17 4 4280 1.260600
17 5 4280 1.260633
17 6 4280 1.258945
17 7 4280 1.263850
17 8 4280 -0.409472
17 9 4280 1.261117
17 10 4280 -0.409646
17 11 4280 -0.409472
17 12 4280 -0.348525
17 13 4280 -0.348525
17 14 4280 -0.348525
17 15 4280 1.316446
17 16 4280 1.318230
17 17 4280 1.318822
18 1 4280 -0.239654
18 2 4280 -0.238503
18 3 4280 -0.239854
18 4 4280 -0.240205
18 5 4280 -0.240172
18 6 4280 -0.236858
18 7 4280 -0.239554
18 8 4280 -0.277562
18 9 4280 -0.239688
18 10 4280 -0.277736
18 11 4280 -0.277562
18 12 4280 -0.082534
18 13 4280 -0.082534
18 14 4280 -0.082534
18 15 4280 -0.239735
18 16 4280 -0.240015
18 17 4280 -0.240451
18 18 4280 1.964508
19 1 4280 -0.239398
19 2 4280 -0.238248
19 3 4280 -0.239598
19 4 4280 -0.239949
19 5 4280 -0.239917
19 6 4280 -0.236602
19 7 4280 -0.239298
19 8 4280 -0.277306
19 9 4280 -0.239433
19 10 4280 -0.277481
19 11 4280 -0.277306
19 12 4280 -0.082279
19 13 4280 -0.082279
19 14 4280 -0.082279
19 15 4280 -0.239480
19 16 4280 -0.239760
19 17 4280 -0.240195
19 18 4280 1.961748
19 19 4280 1.962004
20 1 4280 -0.239654
20 2 4280 -0.238503
20 3 4280 -0.239854
20 4 4280 -0.240205
20 5 4280 -0.240172
20 6 4280 -0.236858
20 7 4280 -0.239554
20 8 4280 -0.277562
20 9 4280 -0.239688
20 10 4280 -0.277736
20 11 4280 -0.277562
20 12 4280 -0.082534
20 13 4280 -0.082534
20 14 4280 -0.082534
20 15 4280 -0.239735
20 16 4280 -0.240015
20 17 4280 -0.240451
20 18 4280 1.964508
20 19 4280 1.961748
20 20 4280 1.964508
21 1 4280 -0.239408
21 2 4280 -0.238258
21 3 4280 -0.239608
21 4 4280 -0.239959
21 5 4280 -0.239927
21 6 4280 -0.236612
21 7 4280 -0.239309
21 8 4280 -0.277316
21 9 4280 -0.239443
21 10 4280 -0.277491
21 11 4280 -0.277316
21 12 4280 -0.082289
21 13 4280 -0.082289
21 14 4280 -0.082289
21 15 4280 -0.239490
21 16 4280 -0.239770
21 17 4280 -0.240205
21 18 4280 1.961134
21 19 4280 1.958375
21 20 4280 1.961134
21 21 4280 1.961380
22 1 4280 -0.239583
22 2 4280 -0.238432
22 3 4280 -0.239783
22 4 4280 -0.240134
22 5 4280 -0.240102
22 6 4280 -0.236787
22 7 4280 -0.239483
22 8 4280 -0.277491
22 9 4280 -0.239618
22 10 4280 -0.277665
22 11 4280 -0.277491
22 12 4280 -0.082464
22 13 4280 -0.082464
22 14 4280 -0.082464
22 15 4280 -0.239665
22 16 4280 -0.239945
22 17 4280 -0.240380
22 18 4280 1.960960
22 19 4280 1.958200
22 20 4280 1.960960
22 21 4280 1.961205
22 22 4280 1.971330
23 1 4280 -0.409264
23 2 4280 -0.408113
23 3 4280 -0.409464
23 4 4280 -0.409814
23 5 4280 -0.409782
23 6 4280 -0.408763
23 7 4280 -0.409164
23 8 4280 0.352339
23 9 4280 -0.409298
23 10 4280 0.352165
23 11 4280 0.352339
23 12 4280 -0.082361
23 13 4280 -0.082361
23 14 4280 -0.082361
23 15 4280 -0.409345
23 16 4280 -0.409625
23 17 4280 -0.409033
23 18 4280 -0.277123
23 19 4280 -0.276867
23 20 4280 -0.277123
23 21 4280 -0.276878
23 22 4280 -0.277052
23 23 4280 0.419253
24 1 4280 -0.406687
24 2 4280 -0.405536
24 3 4280 -0.406887
24 4 4280 -0.407238
24 5 4280 -0.407205
24 6 4280 -0.406186
24 7 4280 -0.406587
24 8 4280 0.327266
24 9 4280 -0.406721
24 10 4280 0.327091
24 11 4280 0.327266
24 12 4280 -0.070969
24 13 4280 -0.070969
24 14 4280 -0.070969
24 15 4280 -0.406768
24 16 4280 -0.407048
24 17 4280 -0.406456
24 18 4280 -0.273273
24 19 4280 -0.273017
24 20 4280 -0.273273
24 21 4280 -0.273027
24 22 4280 -0.273202
24 23 4280 0.363885
24 24 4280 0.517855
25 1 4280 -0.411852
25 2 4280 -0.410701
25 3 4280 -0.412052
25 4 4280 -0.412403
25 5 4280 -0.412370
25 6 4280 -0.411351
25 7 4280 -0.411752
25 8 4280 0.349751
25 9 4280 -0.411886
25 10 4280 0.349577
25 11 4280 0.349751
25 12 4280 -0.084949
25 13 4280 -0.084949
25 14 4280 -0.084949
25 15 4280 -0.411933
25 16 4280 -0.412213
25 17 4280 -0.411621
25 18 4280 -0.279711
25 19 4280 -0.279456
25 20 4280 -0.279711
25 21 4280 -0.279466
25 22 4280 -0.279640
25 23 4280 0.350190
25 24 4280 0.325116
25 25 4280 0.442286
26 1 4280 -0.411852
26 2 4280 -0.410701
26 3 4280 -0.412052
26 4 4280 -0.412403
26 5 4280 -0.412370
26 6 4280 -0.411351
26 7 4280 -0.411752
26 8 4280 0.349751
26 9 4280 -0.411886
26 10 4280 0.349577
26 11 4280 0.349751
26 12 4280 -0.084949
26 13 4280 -0.084949
26 14 4280 -0.084949
26 15 4280 -0.411933
26 16 4280 -0.412213
26 17 4280 -0.411621
26 18 4280 -0.279711
26 19 4280 -0.279456
26 20 4280 -0.279711
26 21 4280 -0.279466
26 22 4280 -0.279640
26 23 4280 0.350190
26 24 4280 0.325116
26 25 4280 0.442286
26 26 4280 0.442286
27 1 4280 -0.411852
27 2 4280 -0.410701
27 3 4280 -0.412052
27 4 4280 -0.412403
27 5 4280 -0.412370
27 6 4280 -0.411351
27 7 4280 -0.411752
27 8 4280 0.349751
27 9 4280 -0.411886
27 10 4280 0.349577
27 11 4280 0.349751
27 12 4280 -0.084949
27 13 4280 -0.084949
27 14 4280 -0.084949
27 15 4280 -0.411933
27 16 4280 -0.412213
27 17 4280 -0.411621
27 18 4280 -0.279711
27 19 4280 -0.279456
27 20 4280 -0.279711
27 21 4280 -0.279466
27 22 4280 -0.279640
27 23 4280 0.350190
27 24 4280 0.325116
27 25 4280 0.442286
27 26 4280 0.442286
27 27 4280 0.442286
28 1 4280 -0.411852
28 2 4280 -0.410701
28 3 4280 -0.412052
28 4 4280 -0.412403
28 5 4280 -0.412370
28 6 4280 -0.411351
28 7 4280 -0.411752
28 8 4280 0.349751
28 9 4280 -0.411886
28 10 4280 0.349577
28 11 4280 0.349751
28 12 4280 -0.084949
28 13 4280 -0.084949
28 14 4280 -0.084949
28 15 4280 -0.411933
28 16 4280 -0.412213
28 17 4280 -0.411621
28 18 4280 -0.279711
28 19 4280 -0.279456
28 20 4280 -0.279711
28 21 4280 -0.279466
28 22 4280 -0.279640
28 23 4280 0.350190
28 24 4280 0.325116
28 25 4280 0.442286
28 26 4280 0.442286
28 27 4280 0.442286
28 28 4280 0.442286
29 1 4280 -0.409089
29 2 4280 -0.407938
29 3 4280 -0.409289
29 4 4280 -0.409640
29 5 4280 -0.409608
29 6 4280 -0.408588
29 7 4280 -0.408989
29 8 4280 0.352514
29 9 4280 -0.409124
29 10 4280 0.352339
29 11 4280 0.352514
29 12 4280 -0.082187
29 13 4280 -0.082187
29 14 4280 -0.082187
29 15 4280 -0.409171
29 16 4280 -0.409451
29 17 4280 -0.408859
29 18 4280 -0.276948
29 19 4280 -0.276693
29 20 4280 -0.276948
29 21 4280 -0.276703
29 22 4280 -0.276878
29 23 4280 0.409129
29 24 4280 0.364059
29 25 4280 0.350364
29 26 4280 0.350364
29 27 4280 0.350364
29 28 4280 0.350364
29 29 4280 0.409303
30 1 4280 -0.408103
30 2 4280 -0.406953
30 3 4280 -0.408303
30 4 4280 -0.408654
30 5 4280 -0.408622
30 6 4280 -0.407603
30 7 4280 -0.408003
30 8 4280 0.352130
30 9 4280 -0.408138
30 10 4280 0.351955
30 11 4280 0.352130
30 12 4280 -0.082571
30 13 4280 -0.082571
30 14 4280 -0.082571
30 15 4280 -0.408185
30 16 4280 -0.408465
30 17 4280 -0.407873
30 18 4280 -0.277332
30 19 4280 -0.277077
30 20 4280 -0.277332
30 21 4280 -0.277087
30 22 4280 -0.277262
30 23 4280 0.399604
30 24 4280 0.363675
30 25 4280 0.349980
30 26 4280 0.349980
30 27 4280 0.349980
30 28 4280 0.349980
30 29 4280 0.399779
30 30 4280 0.431662
31 1 4280 -0.409089
31 2 4280 -0.407938
31 3 4280 -0.409289
31 4 4280 -0.409640
31 5 4280 -0.409608
31 6 4280 -0.408588
31 7 4280 -0.408989
31 8 4280 0.352514
31 9 4280 -0.409124
31 10 4280 0.352339
31 11 4280 0.352514
31 12 4280 -0.082187
31 13 4280 -0.082187
31 14 4280 -0.082187
31 15 4280 -0.409171
31 16 4280 -0.409451
31 17 4280 -0.408859
31 18 4280 -0.276948
31 19 4280 -0.276693
31 20 4280 -0.276948
31 21 4280 -0.276703
31 22 4280 -0.276878
31 23 4280 0.409129
31 24 4280 0.364059
31 25 4280 0.350364
31 26 4280 0.350364
31 27 4280 0.350364
31 28 4280 0.350364
31 29 4280 0.409303
31 30 4280 0.399779
31 31 4280 0.409303
32 1 4280 -0.410188
32 2 4280 -0.409037
32 3 4280 -0.410388
32 4 4280 -0.410739
32 5 4280 -0.410706
32 6 4280 -0.409687
32 7 4280 -0.410088
32 8 4280 0.351415
32 9 4280 -0.410222
32 10 4280 0.351240
32 11 4280 0.351415
32 12 4280 -0.083286
32 13 4280 -0.083286
32 14 4280 -0.083286
32 15 4280 -0.410270
32 16 4280 -0.410550
32 17 4280 -0.409958
32 18 4280 -0.278047
32 19 4280 -0.277792
32 20 4280 -0.278047
32 21 4280 -0.277802
32 22 4280 -0.277976
32 23 4280 0.351854
32 24 4280 0.326780
32 25 4280 0.349265
32 26 4280 0.349265
32 27 4280 0.349265
32 28 4280 0.349265
32 29 4280 0.352028
32 30 4280 0.351644
32 31 4280 0.352028
32 32 4280 0.414245
33 1 4280 -0.410188
33 2 4280 -0.409037
33 3 4280 -0.410388
33 4 4280 -0.410739
33 5 4280 -0.410706
33 6 4280 -0.409687
33 7 4280 -0.410088
33 8 4280 0.351415
33 9 4280 -0.410222
33 10 4280 0.351240
33 11 4280 0.351415
33 12 4280 -0.083286
33 13 4280 -0.083286
33 14 4280 -0.083286
33 15 4280 -0.410270
33 16 4280 -0.410550
33 17 4280 -0.409958
33 18 4280 -0.278047
33 19 4280 -0.277792
33 20 4280 -0.278047
33 21 4280 -0.277802
33 22 4280 -0.277976
33 23 4280 0.351854
33 24 4280 0.326780
33 25 4280 0.349265
33 26 4280 0.349265
33 27 4280 0.349265
33 28 4280 0.349265
33 29 4280 0.352028
33 30 4280 0.351644
33 31 4280 0.352028
33 32 4280 0.414245
33 33 4280 0.414245
34 1 4280 -0.410188
34 2 4280 -0.409037
34 3 4280 -0.410388
34 4 4280 -0.410739
34 5 4280 -0.410706
34 6 4280 -0.409687
34 7 4280 -0.410088
34 8 4280 0.351415
34 9 4280 -0.410222
34 10 4280 0.351240
34 11 4280 0.351415
34 12 4280 -0.083286
34 13 4280 -0.083286
34 14 4280 -0.083286
34 15 4280 -0.410270
34 16 4280 -0.410550
34 17 4280 -0.409958
34 18 4280 -0.278047
34 19 4280 -0.277792
34 20 4280 -0.278047
34 21 4280 -0.277802
34 22 4280 -0.277976
34 23 4280 0.351854
34 24 4280 0.326780
34 25 4280 0.349265
34 26 4280 0.349265
34 27 4280 0.349265
34 28 4280 0.349265
34 29 4280 0.352028
34 30 4280 0.351644
34 31 4280 0.352028
34 32 4280 0.414245
34 33 4280 0.414245
34 34 4280 0.414245
35 1 4280 -0.410188
35 2 4280 -0.409037
35 3 4280 -0.410388
35 4 4280 -0.410739
35 5 4280 -0.410706
35 6 4280 -0.409687
35 7 4280 -0.410088
35 8 4280 0.351415
35 9 4280 -0.410222
35 10 4280 0.351240
35 11 4280 0.351415
35 12 4280 -0.083286
35 13 4280 -0.083286
35 14 4280 -0.083286
35 15 4280 -0.410270
35 16 4280 -0.410550
35 17 4280 -0.409958
35 18 4280 -0.278047
35 19 4280 -0.277792
35 20 4280 -0.278047
35 21 4280 -0.277802
35 22 4280 -0.277976
35 23 4280 0.351854
35 24 4280 0.326780
35 25 4280 0.349265
35 26 4280 0.349265
35 27 4280 0.349265
35 28 4280 0.349265
35 29 4280 0.352028
35 30 4280 0.351644
35 31 4280 0.352028
35 32 4280 0.414245
35 33 4280 0.414245
35 34 4280 0.414245
35 35 4280 0.414245
36 1 4280 -0.410188
36 2 4280 -0.409037
36 3 4280 -0.410388
36 4 4280 -0.410739
36 5 4280 -0.410706
36 6 4280 -0.409687
36 7 4280 -0.410088
36 8 4280 0.351415
36 9 4280 -0.410222
36 10 4280 0.351240
36 11 4280 0.351415
36 12 4280 -0.083286
36 13 4280 -0.083286
36 14 4280 -0.083286
36 15 4280 -0.410270
36 16 4280 -0.410550
36 17 4280 -0.409958
36 18 4280 -0.278047
36 19 4280 -0.277792
36 20 4280 -0.278047
36 21 4280 -0.277802
36 22 4280 -0.277976
36 23 4280 0.351854
36 24 4280 0.326780
36 25 4280 0.349265
36 26 4280 0.349265
36 27 4280 0.349265
36 28 4280 0.349265
36 29 4280 0.352028
36 30 4280 0.351644
36 31 4280 0.352028
36 32 4280 0.414245
36 33 4280 0.414245
36 34 4280 0.414245
36 35 4280 0.414245
36 36 4280 0.414245
37 1 4280 -0.360567
37 2 4280 -0.359417
37 3 4280 -0.360767
37 4 4280 -0.361118
37 5 4280 -0.361086
37 6 4280 -0.360067
37 7 4280 -0.360467
37 8 4280 -0.029531
37 9 4280 -0.360602
37 10 4280 -0.029705
37 11 4280 -0.029531
37 12 4280 0.223378
37 13 4280 0.223378
37 14 4280 0.223378
37 15 4280 -0.360649
37 16 4280 -0.360929
37 17 4280 -0.361364
37 18 4280 -0.112020
37 19 4280 -0.111764
37 20 4280 -0.112020
37 21 4280 -0.111774
37 22 4280 -0.111949
37 23 4280 -0.029092
37 24 4280 -0.018711
37 25 4280 -0.031680
37 26 4280 -0.031680
37 27 4280 -0.031680
37 28 4280 -0.031680
37 29 4280 -0.028917
37 30 4280 -0.029301
37 31 4280 -0.028917
37 32 4280 -0.030016
37 33 4280 -0.030016
37 34 4280 -0.030016
37 35 4280 -0.030016
37 36 4280 -0.030016
37 37 4280 0.700402
38 1 4280 -0.360606
38 2 4280 -0.359455
38 3 4280 -0.360806
38 4 4280 -0.361157
38 5 4280 -0.361124
38 6 4280 -0.360105
38 7 4280 -0.360506
38 8 4280 -0.029569
38 9 4280 -0.360640
38 10 4280 -0.029744
38 11 4280 -0.029569
38 12 4280 0.223340
38 13 4280 0.223340
38 14 4280 0.223340
38 15 4280 -0.360688
38 16 4280 -0.360967
38 17 4280 -0.361403
38 18 4280 -0.112058
38 19 4280 -0.111803
38 20 4280 -0.112058
38 21 4280 -0.111813
38 22 4280 -0.111988
38 23 4280 -0.029131
38 24 4280 -0.018750
38 25 4280 -0.031719
38 26 4280 -0.031719
38 27 4280 -0.031719
38 28 4280 -0.031719
38 29 4280 -0.028956
38 30 4280 -0.029340
38 31 4280 -0.028956
38 32 4280 -0.030055
38 33 4280 -0.030055
38 34 4280 -0.030055
38 35 4280 -0.030055
38 36 4280 -0.030055
38 37 4280 0.690065
38 38 4280 0.696313
39 1 4280 -0.360393
39 2 4280 -0.359242
39 3 4280 -0.360593
39 4 4280 -0.360944
39 5 4280 -0.360911
39 6 4280 -0.359892
39 7 4280 -0.360293
39 8 4280 -0.029356
39 9 4280 -0.360427
39 10 4280 -0.029531
39 11 4280 -0.029356
39 12 4280 0.223553
39 13 4280 0.223553
39 14 4280 0.223553
39 15 4280 -0.360474
39 16 4280 -0.360754
39 17 4280 -0.361190
39 18 4280 -0.111845
39 19 4280 -0.111590
39 20 4280 -0.111845
39 21 4280 -0.111600
39 22 4280 -0.111774
39 23 4280 -0.028917
39 24 4280 -0.018537
39 25 4280 -0.031506
39 26 4280 -0.031506
39 27 4280 -0.031506
39 28 4280 -0.031506
39 29 4280 -0.028743
39 30 4280 -0.029127
39 31 4280 -0.028743
39 32 4280 -0.029842
39 33 4280 -0.029842
39 34 4280 -0.029842
39 35 4280 -0.029842
39 36 4280 -0.029842
39 37 4280 0.690278
39 38 4280 0.690239
39 39 4280 0.690452
40 1 4280 -0.348480
40 2 4280 -0.347330
40 3 4280 -0.348680
40 4 4280 -0.349031
40 5 4280 -0.348999
40 6 4280 -0.347980
40 7 4280 -0.348380
40 8 4280 -0.027966
40 9 4280 -0.348515
40 10 4280 -0.028141
40 11 4280 -0.027966
40 12 4280 0.174834
40 13 4280 0.174834
40 14 4280 0.174834
40 15 4280 -0.348562
40 16 4280 -0.348842
40 17 4280 -0.349277
40 18 4280 -0.096212
40 19 4280 -0.095957
40 20 4280 -0.096212
40 21 4280 -0.095967
40 22 4280 -0.096142
40 23 4280 -0.027528
40 24 4280 -0.021340
40 25 4280 -0.030116
40 26 4280 -0.030116
40 27 4280 -0.030116
40 28 4280 -0.030116
40 29 4280 -0.027353
40 30 4280 -0.027737
40 31 4280 -0.027353
40 32 4280 -0.028452
40 33 4280 -0.028452
40 34 4280 -0.028452
40 35 4280 -0.028452
40 36 4280 -0.028452
40 37 4280 0.498498
40 38 4280 0.498459
40 39 4280 0.498672
40 40 4280 0.976943
41 1 4280 1.258046
41 2 4280 1.255956
41 3 4280 1.257846
41 4 4280 1.257496
41 5 4280 1.257528
41 6 4280 1.261593
41 7 4280 1.258146
41 8 4280 -0.408299
41 9 4280 1.258012
41 10 4280 -0.408473
41 11 4280 -0.408299
41 12 4280 -0.346324
41 13 4280 -0.346324
41 14 4280 -0.346324
41 15 4280 1.257965
41 16 4280 1.257685
41 17 4280 1.257250
41 18 4280 -0.238250
41 19 4280 -0.237995
41 20 4280 -0.238250
41 21 4280 -0.238005
41 22 4280 -0.238179
41 23 4280 -0.407860
41 24 4280 -0.405283
41 25 4280 -0.410448
41 26 4280 -0.410448
41 27 4280 -0.410448
41 28 4280 -0.410448
41 29 4280 -0.407686
41 30 4280 -0.406700
41 31 4280 -0.407686
41 32 4280 -0.408784
41 33 4280 -0.408784
41 34 4280 -0.408784
41 35 4280 -0.408784
41 36 4280 -0.408784
41 37 4280 -0.359164
41 38 4280 -0.359202
41 39 4280 -0.358989
41 40 4280 -0.347077
41 41 4280 1.375015
42 1 4280 1.260345
42 2 4280 1.258699
42 3 4280 1.260145
42 4 4280 1.261859
42 5 4280 1.261891
42 6 4280 1.257605
42 7 4280 1.262510
42 8 4280 -0.407620
42 9 4280 1.262375
42 10 4280 -0.407795
42 11 4280 -0.407620
42 12 4280 -0.345646
42 13 4280 -0.345646
42 14 4280 -0.345646
42 15 4280 1.260264
42 16 4280 1.262048
42 17 4280 1.261613
42 18 4280 -0.237572
42 19 4280 -0.237316
42 20 4280 -0.237572
42 21 4280 -0.237326
42 22 4280 -0.237501
42 23 4280 -0.407182
42 24 4280 -0.404605
42 25 4280 -0.409770
42 26 4280 -0.409770
42 27 4280 -0.409770
42 28 4280 -0.409770
42 29 4280 -0.407007
42 30 4280 -0.406021
42 31 4280 -0.407007
42 32 4280 -0.408106
42 33 4280 -0.408106
42 34 4280 -0.408106
42 35 4280 -0.408106
42 36 4280 -0.408106
42 37 4280 -0.358485
42 38 4280 -0.358524
42 39 4280 -0.358311
42 40 4280 -0.346398
42 41 4280 1.266415
42 42 4280 1.311975
43 1 4280 -0.330778
43 2 4280 -0.329627
43 3 4280 -0.330978
43 4 4280 -0.327710
43 5 4280 -0.331296
43 6 4280 -0.330277
43 7 4280 -0.330678
43 8 4280 -0.058647
43 9 4280 -0.330812
43 10 4280 -0.058821
43 11 4280 -0.058647
43 12 4280 0.165902
43 13 4280 0.165902
43 14 4280 0.165902
43 15 4280 -0.330860
43 16 4280 -0.331139
43 17 4280 -0.331575
43 18 4280 -0.186820
43 19 4280 -0.186564
43 20 4280 -0.186820
43 21 4280 -0.186575
43 22 4280 -0.186749
43 23 4280 -0.058208
43 24 4280 0.003070
43 25 4280 -0.060796
43 26 4280 -0.060796
43 27 4280 -0.060796
43 28 4280 -0.060796
43 29 4280 -0.058033
43 30 4280 -0.058417
43 31 4280 -0.058033
43 32 4280 -0.059132
43 33 4280 -0.059132
43 34 4280 -0.059132
43 35 4280 -0.059132
43 36 4280 -0.059132
43 37 4280 -0.001694
43 38 4280 -0.001733
43 39 4280 -0.001520
43 40 4280 0.010509
43 41 4280 -0.329374
43 42 4280 -0.328696
43 43 4280 1.726755
44 1 4280 -0.356516
44 2 4280 -0.355365
44 3 4280 -0.356716
44 4 4280 -0.357067
44 5 4280 -0.357034
44 6 4280 -0.356015
44 7 4280 -0.356416
44 8 4280 -0.067754
44 9 4280 -0.356550
44 10 4280 -0.067928
44 11 4280 -0.067754
44 12 4280 0.343973
44 13 4280 0.343973
44 14 4280 0.343973
44 15 4280 -0.356597
44 16 4280 -0.356877
44 17 4280 -0.357313
44 18 4280 -0.097588
44 19 4280 -0.097332
44 20 4280 -0.097588
44 21 4280 -0.097342
44 22 4280 -0.097517
44 23 4280 -0.067315
44 24 4280 -0.030971
44 25 4280 -0.069903
44 26 4280 -0.069903
44 27 4280 -0.069903
44 28 4280 -0.069903
44 29 4280 -0.067141
44 30 4280 -0.067525
44 31 4280 -0.067141
44 32 4280 -0.068239
44 33 4280 -0.068239
44 34 4280 -0.068239
44 35 4280 -0.068239
44 36 4280 -0.068239
44 37 4280 0.416103
44 38 4280 0.416065
44 39 4280 0.416278
44 40 4280 0.338436
44 41 4280 -0.355112
44 42 4280 -0.354434
44 43 4280 0.172456
44 44 4280 0.761137
45 1 4280 -0.356516
45 2 4280 -0.355365
45 3 4280 -0.356716
45 4 4280 -0.357067
45 5 4280 -0.357034
45 6 4280 -0.356015
45 7 4280 -0.356416
45 8 4280 -0.067754
45 9 4280 -0.356550
45 10 4280 -0.067928
45 11 4280 -0.067754
45 12 4280 0.343973
45 13 4280 0.343973
45 14 4280 0.343973
45 15 4280 -0.356597
45 16 4280 -0.356877
45 17 4280 -0.357313
45 18 4280 -0.097588
45 19 4280 -0.097332
45 20 4280 -0.097588
45 21 4280 -0.097342
45 22 4280 -0.097517
45 23 4280 -0.067315
45 24 4280 -0.030971
45 25 4280 -0.069903
45 26 4280 -0.069903
45 27 4280 -0.069903
45 28 4280 -0.069903
45 29 4280 -0.067141
45 30 4280 -0.067525
45 31 4280 -0.067141
45 32 4280 -0.068239
45 33 4280 -0.068239
45 34 4280 -0.068239
45 35 4280 -0.068239
45 36 4280 -0.068239
45 37 4280 0.416103
45 38 4280 0.416065
45 39 4280 0.416278
45 40 4280 0.338436
45 41 4280 -0.355112
45 42 4280 -0.354434
45 43 4280 0.172456
45 44 4280 0.761137
45 45 4280 0.761137
46 1 4280 -0.359864
46 2 4280 -0.358713
46 3 4280 -0.360064
46 4 4280 -0.360415
46 5 4280 -0.360382
46 6 4280 -0.359363
46 7 4280 -0.359764
46 8 4280 -0.027568
46 9 4280 -0.359898
46 10 4280 -0.027743
46 11 4280 -0.027568
46 12 4280 0.225341
46 13 4280 0.225341
46 14 4280 0.225341
46 15 4280 -0.359946
46 16 4280 -0.360225
46 17 4280 -0.360661
46 18 4280 -0.110057
46 19 4280 -0.109802
46 20 4280 -0.110057
46 21 4280 -0.109812
46 22 4280 -0.109986
46 23 4280 -0.027129
46 24 4280 -0.016749
46 25 4280 -0.029718
46 26 4280 -0.029718
46 27 4280 -0.029718
46 28 4280 -0.029718
46 29 4280 -0.026955
46 30 4280 -0.027339
46 31 4280 -0.026955
46 32 4280 -0.028054
46 33 4280 -0.028054
46 34 4280 -0.028054
46 35 4280 -0.028054
46 36 4280 -0.028054
46 37 4280 0.590263
46 38 4280 0.590225
46 39 4280 0.590438
46 40 4280 0.500460
46 41 4280 -0.358460
46 42 4280 -0.357782
46 43 4280 0.000268
46 44 4280 0.418066
46 45 4280 0.418066
46 46 4280 0.808508
47 1 4280 -0.330603
47 2 4280 -0.329453
47 3 4280 -0.330803
47 4 4280 -0.327535
47 5 4280 -0.331122
47 6 4280 -0.330103
47 7 4280 -0.330503
47 8 4280 -0.058472
47 9 4280 -0.330638
47 10 4280 -0.058647
47 11 4280 -0.058472
47 12 4280 0.166077
47 13 4280 0.166077
47 14 4280 0.166077
47 15 4280 -0.330685
47 16 4280 -0.330965
47 17 4280 -0.331400
47 18 4280 -0.186645
47 19 4280 -0.186390
47 20 4280 -0.186645
47 21 4280 -0.186400
47 22 4280 -0.186575
47 23 4280 -0.058033
47 24 4280 0.003245
47 25 4280 -0.060622
47 26 4280 -0.060622
47 27 4280 -0.060622
47 28 4280 -0.060622
47 29 4280 -0.057859
47 30 4280 -0.058243
47 31 4280 -0.057859
47 32 4280 -0.058958
47 33 4280 -0.058958
47 34 4280 -0.058958
47 35 4280 -0.058958
47 36 4280 -0.058958
47 37 4280 -0.001520
47 38 4280 -0.001558
47 39 4280 -0.001345
47 40 4280 0.010684
47 41 4280 -0.329200
47 42 4280 -0.328521
47 43 4280 1.716630
47 44 4280 0.172630
47 45 4280 0.172630
47 46 4280 0.000443
47 47 4280 1.716805
48 1 4280 -0.325496
48 2 4280 -0.324346
48 3 4280 -0.329315
48 4 4280 -0.329666
48 5 4280 -0.329634
48 6 4280 -0.328614
48 7 4280 -0.329015
48 8 4280 -0.045274
48 9 4280 -0.329149
48 10 4280 -0.045449
48 11 4280 -0.045274
48 12 4280 0.168776
48 13 4280 0.168776
48 14 4280 0.168776
48 15 4280 -0.329197
48 16 4280 -0.329477
48 17 4280 -0.329912
48 18 4280 -0.042048
48 19 4280 -0.041792
48 20 4280 -0.042048
48 21 4280 -0.041802
48 22 4280 -0.041977
48 23 4280 -0.044836
48 24 4280 -0.037636
48 25 4280 -0.047424
48 26 4280 -0.047424
48 27 4280 -0.047424
48 28 4280 -0.047424
48 29 4280 -0.044661
48 30 4280 -0.045045
48 31 4280 -0.044661
48 32 4280 -0.045760
48 33 4280 -0.045760
48 34 4280 -0.045760
48 35 4280 -0.045760
48 36 4280 -0.045760
48 37 4280 0.385300
48 38 4280 0.391549
48 39 4280 0.385475
48 40 4280 0.616566
48 41 4280 -0.327711
48 42 4280 -0.327033
48 43 4280 0.005641
48 44 4280 0.320962
48 45 4280 0.320962
48 46 4280 0.387263
48 47 4280 0.005815
48 48 4280 1.140669
49 1 4280 -0.336741
49 2 4280 -0.335590
49 3 4280 -0.336941
49 4 4280 -0.337292
49 5 4280 -0.337259
49 6 4280 -0.336240
49 7 4280 -0.336641
49 8 4280 -0.073931
49 9 4280 -0.336775
49 10 4280 -0.074106
49 11 4280 -0.073931
49 12 4280 0.598000
49 13 4280 0.598000
49 14 4280 0.598000
49 15 4280 -0.336822
49 16 4280 -0.337102
49 17 4280 -0.337538
49 18 4280 -0.034050
49 19 4280 -0.033795
49 20 4280 -0.034050
49 21 4280 -0.033805
49 22 4280 -0.033980
49 23 4280 -0.073493
49 24 4280 -0.063295
49 25 4280 -0.076081
49 26 4280 -0.076081
49 27 4280 -0.076081
49 28 4280 -0.076081
49 29 4280 -0.073318
49 30 4280 -0.073702
49 31 4280 -0.073318
49 32 4280 -0.074417
49 33 4280 -0.074417
49 34 4280 -0.074417
49 35 4280 -0.074417
49 36 4280 -0.074417
49 37 4280 0.201869
49 38 4280 0.201831
49 39 4280 0.202044
49 40 4280 0.154539
49 41 4280 -0.335337
49 42 4280 -0.334659
49 43 4280 0.205441
49 44 4280 0.339460
49 45 4280 0.339460
49 46 4280 0.203832
49 47 4280 0.205615
49 48 4280 0.137064
49 49 4280 0.806798
50 1 4280 -0.337273
50 2 4280 -0.336123
50 3 4280 -0.337474
50 4 4280 -0.337824
50 5 4280 -0.337792
50 6 4280 -0.336773
50 7 4280 -0.337174
50 8 4280 -0.074464
50 9 4280 -0.337308
50 10 4280 -0.074638
50 11 4280 -0.074464
50 12 4280 0.602969
50 13 4280 0.602969
50 14 4280 0.602969
50 15 4280 -0.337355
50 16 4280 -0.337635
50 17 4280 -0.338070
50 18 4280 -0.032699
50 19 4280 -0.032444
50 20 4280 -0.032699
50 21 4280 -0.032454
50 22 4280 -0.032628
50 23 4280 -0.074025
50 24 4280 -0.063827
50 25 4280 -0.076613
50 26 4280 -0.076613
50 27 4280 -0.076613
50 28 4280 -0.076613
50 29 4280 -0.073851
50 30 4280 -0.074235
50 31 4280 -0.073851
50 32 4280 -0.074950
50 33 4280 -0.074950
50 34 4280 -0.074950
50 35 4280 -0.074950
50 36 4280 -0.074950
50 37 4280 0.201337
50 38 4280 0.201298
50 39 4280 0.201511
50 40 4280 0.154006
50 41 4280 -0.335870
50 42 4280 -0.335191
50 43 4280 0.204908
50 44 4280 0.338927
50 45 4280 0.338927
50 46 4280 0.203299
50 47 4280 0.205082
50 48 4280 0.136531
50 49 4280 0.806265
50 50 4280 0.811235
51 1 4280 -0.369539
51 2 4280 -0.368389
51 3 4280 -0.369739
51 4 4280 -0.370090
51 5 4280 -0.370058
51 6 4280 -0.369039
51 7 4280 -0.369439
51 8 4280 -0.070135
51 9 4280 -0.369574
51 10 4280 -0.070310
51 11 4280 -0.070135
51 12 4280 0.383184
51 13 4280 0.383184
51 14 4280 0.383184
51 15 4280 -0.369621
51 16 4280 -0.369901
51 17 4280 -0.370336
51 18 4280 -0.094567
51 19 4280 -0.094311
51 20 4280 -0.094567
51 21 4280 -0.094321
51 22 4280 -0.094496
51 23 4280 -0.069697
51 24 4280 -0.030960
51 25 4280 -0.072285
51 26 4280 -0.072285
51 27 4280 -0.072285
51 28 4280 -0.072285
51 29 4280 -0.069522
51 30 4280 -0.069906
51 31 4280 -0.069522
51 32 4280 -0.070621
51 33 4280 -0.070621
51 34 4280 -0.070621
51 35 4280 -0.070621
51 36 4280 -0.070621
51 37 4280 0.320791
51 38 4280 0.320752
51 39 4280 0.320965
51 40 4280 0.272472
51 41 4280 -0.368136
51 42 4280 -0.367457
51 43 4280 0.433638
51 44 4280 0.467784
51 45 4280 0.467784
51 46 4280 0.322753
51 47 4280 0.433813
51 48 4280 0.267603
51 49 4280 0.360868
51 50 4280 0.360335
51 51 4280 1.005598
52 1 4280 -0.388922
52 2 4280 -0.387772
52 3 4280 -0.389123
52 4 4280 -0.389473
52 5 4280 -0.389441
52 6 4280 -0.388422
52 7 4280 -0.388823
52 8 4280 0.265440
52 9 4280 -0.388957
52 10 4280 0.265265
52 11 4280 0.265440
52 12 4280 -0.039863
52 13 4280 -0.039863
52 14 4280 -0.039863
52 15 4280 -0.389004
52 16 4280 -0.389284
52 17 4280 -0.388692
52 18 4280 -0.262112
52 19 4280 -0.261856
52 20 4280 -0.262112
52 21 4280 -0.261866
52 22 4280 -0.262041
52 23 4280 0.265879
52 24 4280 0.274976
52 25 4280 0.269063
52 26 4280 0.269063
52 27 4280 0.269063
52 28 4280 0.269063
52 29 4280 0.266053
52 30 4280 0.265669
52 31 4280 0.266053
52 32 4280 0.264954
52 33 4280 0.264954
52 34 4280 0.264954
52 35 4280 0.264954
52 36 4280 0.264954
52 37 4280 0.013587
52 38 4280 0.013549
52 39 4280 0.013762
52 40 4280 0.020659
52 41 4280 -0.387519
52 42 4280 -0.386840
52 43 4280 0.106192
52 44 4280 -0.022209
52 45 4280 -0.022209
52 46 4280 0.015550
52 47 4280 0.106367
52 48 4280 0.003351
52 49 4280 -0.016918
52 50 4280 -0.017451
52 51 4280 -0.020176
52 52 4280 0.512429
53 1 4280 -0.391557
53 2 4280 -0.390407
53 3 4280 -0.391758
53 4 4280 -0.392108
53 5 4280 -0.392076
53 6 4280 -0.391057
53 7 4280 -0.391458
53 8 4280 0.282536
53 9 4280 -0.391592
53 10 4280 0.282362
53 11 4280 0.282536
53 12 4280 -0.049853
53 13 4280 -0.049853
53 14 4280 -0.049853
53 15 4280 -0.391639
53 16 4280 -0.391919
53 17 4280 -0.391327
53 18 4280 -0.249955
53 19 4280 -0.249700
53 20 4280 -0.249955
53 21 4280 -0.249710
53 22 4280 -0.249884
53 23 4280 0.282975
53 24 4280 0.257901
53 25 4280 0.285929
53 26 4280 0.285929
53 27 4280 0.285929
53 28 4280 0.285929
53 29 4280 0.283149
53 30 4280 0.282765
53 31 4280 0.283149
53 32 4280 0.282050
53 33 4280 0.282050
53 34 4280 0.282050
53 35 4280 0.282050
53 36 4280 0.282050
53 37 4280 0.042310
53 38 4280 0.042272
53 39 4280 0.042485
53 40 4280 0.043874
53 41 4280 -0.390154
53 42 4280 -0.389475
53 43 4280 -0.022351
53 44 4280 -0.001241
53 45 4280 -0.001241
53 46 4280 0.044273
53 47 4280 -0.022176
53 48 4280 0.026566
53 49 4280 -0.045528
53 50 4280 -0.046060
53 51 4280 -0.029852
53 52 4280 0.233304
53 53 4280 0.401472
54 1 4280 -0.388922
54 2 4280 -0.387772
54 3 4280 -0.389123
54 4 4280 -0.389473
54 5 4280 -0.389441
54 6 4280 -0.388422
54 7 4280 -0.388823
54 8 4280 0.265440
54 9 4280 -0.388957
54 10 4280 0.265265
54 11 4280 0.265440
54 12 4280 -0.039863
54 13 4280 -0.039863
54 14 4280 -0.039863
54 15 4280 -0.389004
54 16 4280 -0.389284
54 17 4280 -0.388692
54 18 4280 -0.262112
54 19 4280 -0.261856
54 20 4280 -0.262112
54 21 4280 -0.261866
54 22 4280 -0.262041
54 23 4280 0.265879
54 24 4280 0.274976
54 25 4280 0.269063
54 26 4280 0.269063
54 27 4280 0.269063
54 28 4280 0.269063
54 29 4280 0.266053
54 30 4280 0.265669
54 31 4280 0.266053
54 32 4280 0.264954
54 33 4280 0.264954
54 34 4280 0.264954
54 35 4280 0.264954
54 36 4280 0.264954
54 37 4280 0.013587
54 38 4280 0.013549
54 39 4280 0.013762
54 40 4280 0.020659
54 41 4280 -0.387519
54 42 4280 -0.386840
54 43 4280 0.106192
54 44 4280 -0.022209
54 45 4280 -0.022209
54 46 4280 0.015550
54 47 4280 0.106367
54 48 4280 0.003351
54 49 4280 -0.016918
54 50 4280 -0.017451
54 51 4280 -0.020176
54 52 4280 0.512429
54 53 4280 0.233304
54 54 4280 0.512429
55 1 4280 -0.397027
55 2 4280 -0.395876
55 3 4280 -0.397227
55 4 4280 -0.397578
55 5 4280 -0.397545
55 6 4280 -0.396526
55 7 4280 -0.396927
55 8 4280 0.294509
55 9 4280 -0.397061
55 10 4280 0.294335
55 11 4280 0.294509
55 12 4280 -0.055372
55 13 4280 -0.055372
55 14 4280 -0.055372
55 15 4280 -0.397109
55 16 4280 -0.397388
55 17 4280 -0.396796
55 18 4280 -0.256478
55 19 4280 -0.256223
55 20 4280 -0.256478
55 21 4280 -0.256233
55 22 4280 -0.256407
55 23 4280 0.294948
55 24 4280 0.269874
55 25 4280 0.297902
55 26 4280 0.297902
55 27 4280 0.297902
55 28 4280 0.297902
55 29 4280 0.295122
55 30 4280 0.294738
55 31 4280 0.295122
55 32 4280 0.294024
55 33 4280 0.294024
55 34 4280 0.294024
55 35 4280 0.294024
55 36 4280 0.294024
55 37 4280 0.033723
55 38 4280 0.033684
55 39 4280 0.033897
55 40 4280 0.035287
55 41 4280 -0.395623
55 42 4280 -0.394945
55 43 4280 -0.026816
55 44 4280 -0.007764
55 45 4280 -0.007764
55 46 4280 0.035685
55 47 4280 -0.026641
55 48 4280 0.017979
55 49 4280 -0.051046
55 50 4280 -0.051579
55 51 4280 -0.035370
55 52 4280 0.240728
55 53 4280 0.382585
55 54 4280 0.240728
55 55 4280 0.394558
56 1 4280 -0.392549
56 2 4280 -0.391398
56 3 4280 -0.392749
56 4 4280 -0.393100
56 5 4280 -0.393067
56 6 4280 -0.392048
56 7 4280 -0.392449
56 8 4280 0.285874
56 9 4280 -0.392583
56 10 4280 0.285700
56 11 4280 0.285874
56 12 4280 -0.051898
56 13 4280 -0.051898
56 14 4280 -0.051898
56 15 4280 -0.392630
56 16 4280 -0.392910
56 17 4280 -0.392318
56 18 4280 -0.252000
56 19 4280 -0.251745
56 20 4280 -0.252000
56 21 4280 -0.251755
56 22 4280 -0.251929
56 23 4280 0.286313
56 24 4280 0.261239
56 25 4280 0.289267
56 26 4280 0.289267
56 27 4280 0.289267
56 28 4280 0.289267
56 29 4280 0.286487
56 30 4280 0.286103
56 31 4280 0.286487
56 32 4280 0.285389
56 33 4280 0.285389
56 34 4280 0.285389
56 35 4280 0.285389
56 36 4280 0.285389
56 37 4280 0.040265
56 38 4280 0.040227
56 39 4280 0.040440
56 40 4280 0.041830
56 41 4280 -0.391145
56 42 4280 -0.390467
56 43 4280 -0.024396
56 44 4280 -0.003286
56 45 4280 -0.003286
56 46 4280 0.042228
56 47 4280 -0.024221
56 48 4280 0.024522
56 49 4280 -0.047573
56 50 4280 -0.048105
56 51 4280 -0.031897
56 52 4280 0.235526
56 53 4280 0.389128
56 54 4280 0.235526
56 55 4280 0.385923
56 56 4280 0.392466
57 1 4280 -0.406403
57 2 4280 -0.405252
57 3 4280 -0.406603
57 4 4280 -0.406954
57 5 4280 -0.406921
57 6 4280 -0.405902
57 7 4280 -0.406303
57 8 4280 0.355200
57 9 4280 -0.406437
57 10 4280 0.355026
57 11 4280 0.355200
57 12 4280 -0.079500
57 13 4280 -0.079500
57 14 4280 -0.079500
57 15 4280 -0.406484
57 16 4280 -0.406764
57 17 4280 -0.406172
57 18 4280 -0.274262
57 19 4280 -0.274007
57 20 4280 -0.274262
57 21 4280 -0.274017
57 22 4280 -0.274191
57 23 4280 0.355639
57 24 4280 0.330565
57 25 4280 0.360888
57 26 4280 0.360888
57 27 4280 0.360888
57 28 4280 0.360888
57 29 4280 0.355813
57 30 4280 0.355429
57 31 4280 0.355813
57 32 4280 0.354714
57 33 4280 0.354714
57 34 4280 0.354714
57 35 4280 0.354714
57 36 4280 0.354714
57 37 4280 -0.026231
57 38 4280 -0.026270
57 39 4280 -0.026057
57 40 4280 -0.024667
57 41 4280 -0.404999
57 42 4280 -0.404321
57 43 4280 -0.055347
57 44 4280 -0.064454
57 45 4280 -0.064454
57 46 4280 -0.024269
57 47 4280 -0.055173
57 48 4280 -0.041975
57 49 4280 -0.070632
57 50 4280 -0.071164
57 51 4280 -0.066836
57 52 4280 0.277111
57 53 4280 0.293977
57 54 4280 0.277111
57 55 4280 0.305950
57 56 4280 0.297315
57 57 4280 0.379235
58 1 4280 -0.081158
58 2 4280 -0.080007
58 3 4280 -0.084976
58 4 4280 -0.085327
58 5 4280 -0.085295
58 6 4280 -0.081980
58 7 4280 -0.084676
58 8 4280 -0.308741
58 9 4280 -0.084811
58 10 4280 -0.308916
58 11 4280 -0.308741
58 12 4280 -0.220699
58 13 4280 -0.220699
58 14 4280 -0.220699
58 15 4280 -0.084858
58 16 4280 -0.085138
58 17 4280 -0.084546
58 18 4280 1.300033
58 19 4280 1.297274
58 20 4280 1.300033
58 21 4280 1.296660
58 22 4280 1.296485
58 23 4280 -0.308303
58 24 4280 -0.304453
58 25 4280 -0.310891
58 26 4280 -0.310891
58 27 4280 -0.310891
58 28 4280 -0.310891
58 29 4280 -0.308128
58 30 4280 -0.308512
58 31 4280 -0.308128
58 32 4280 -0.309227
58 33 4280 -0.309227
58 34 4280 -0.309227
58 35 4280 -0.309227
58 36 4280 -0.309227
58 37 4280 -0.277733
58 38 4280 -0.277772
58 39 4280 -0.277559
58 40 4280 -0.096763
58 41 4280 -0.083373
58 42 4280 -0.082694
58 43 4280 -0.176472
58 44 4280 -0.278461
58 45 4280 -0.278461
58 46 4280 -0.275771
58 47 4280 -0.176298
58 48 4280 0.163574
58 49 4280 -0.170371
58 50 4280 -0.170904
58 51 4280 -0.272746
58 52 4280 -0.281110
58 53 4280 -0.298085
58 54 4280 -0.281110
58 55 4280 -0.302483
58 56 4280 -0.299076
58 57 4280 -0.305442
58 58 4280 5.054675
59 1 4280 -0.345627
59 2 4280 -0.344477
59 3 4280 -0.345828
59 4 4280 -0.342560
59 5 4280 -0.346146
59 6 4280 -0.345127
59 7 4280 -0.345528
59 8 4280 -0.058083
59 9 4280 -0.345662
59 10 4280 -0.058257
59 11 4280 -0.058083
59 12 4280 0.231441
59 13 4280 0.231441
59 14 4280 0.231441
59 15 4280 -0.345709
59 16 4280 -0.345989
59 17 4280 -0.346424
59 18 4280 -0.160097
59 19 4280 -0.159841
59 20 4280 -0.160097
59 21 4280 -0.159851
59 22 4280 -0.160026
59 23 4280 -0.057644
59 24 4280 -0.047263
59 25 4280 -0.060232
59 26 4280 -0.060232
59 27 4280 -0.060232
59 28 4280 -0.060232
59 29 4280 -0.057469
59 30 4280 -0.057853
59 31 4280 -0.057469
59 32 4280 -0.058568
59 33 4280 -0.058568
59 34 4280 -0.058568
59 35 4280 -0.058568
59 36 4280 -0.058568
59 37 4280 0.127280
59 38 4280 0.127241
59 39 4280 0.127454
59 40 4280 0.052087
59 41 4280 -0.344224
59 42 4280 -0.343545
59 43 4280 1.123447
59 44 4280 0.271981
59 45 4280 0.271981
59 46 4280 0.129242
59 47 4280 1.123621
59 48 4280 0.044468
59 49 4280 0.260022
59 50 4280 0.259490
59 51 4280 0.408356
59 52 4280 0.021574
59 53 4280 -0.015065
59 54 4280 0.021574
59 55 4280 -0.020584
59 56 4280 -0.017110
59 57 4280 -0.054783
59 58 4280 -0.207558
59 59 4280 1.523610
