strain	geo	staterf_mmann	tair_ann	tsurf_ann	sl_mst_ann	lai_ann	elevation	latitude	longitude	substrate_temp	ambient_temp	ambient_humidity
ECA1299	Hawaii	3547.40258789062	19.5992088317871	23.4146327972412	0.676614761352539	4.2586464881897	487.082183837891	21.34198	-157.8095	24	21.9	NA
ECA1300	Hawaii	3440.91918945312	19.2012424468994	19.2178573608398	0.671062529087067	2.92773389816284	488.729248046875	21.34202	-157.8096	24	22.2	NA
ECA1301	Hawaii	3440.91918945312	19.2012424468994	19.2178573608398	0.671062529087067	2.92773389816284	488.729248046875	21.34202	-157.8096	24	22.2	NA
ECA1302	Hawaii	3440.91918945312	19.2012424468994	19.2178573608398	0.671062529087067	2.92773389816284	488.729248046875	21.34202	-157.8096	24	22.2	NA
ECA1303	Hawaii	3440.91918945312	19.2012424468994	19.2178573608398	0.671062529087067	2.92773389816284	488.729248046875	21.34202	-157.8096	24	22.2	NA
ECA1304	Hawaii	3440.91918945312	19.2012424468994	19.2178573608398	0.671062529087067	2.92773389816284	488.729248046875	21.34202	-157.8096	24	22.2	NA
ECA1305	Hawaii	2930.18310546875	20.0028858184814	20.0195217132568	0.64168643951416	2.56571340560913	384.664428710938	21.34091	-157.822	23.3	22.3	NA
ECA1306	Hawaii	2805.77465820312	21.2413539886475	21.2579860687256	0.633675992488861	3.72496724128723	241.041259765625	21.34293	-157.8239	24	23.2	NA
ECA1307	Hawaii	3547.40258789062	19.5992088317871	23.4146327972412	0.676614761352539	4.2586464881897	487.082183837891	21.34198	-157.8095	24	21.9	NA
ECA1309	Hawaii	2805.77465820312	21.2413539886475	21.2579860687256	0.633675992488861	3.72496724128723	241.041259765625	21.34293	-157.8239	24	23.2	NA
ECA1310	Hawaii	2805.77465820312	21.2413539886475	21.2579860687256	0.633675992488861	3.72496724128723	241.041259765625	21.34293	-157.8239	24	23.2	NA
ECA1311	Hawaii	2527.66040039062	19.0665245056152	19.0831413269043	0.603735208511353	4.38841152191162	635.865295410156	20.04062	-155.4413	23.3	21.4	63
ECA1312	Hawaii	2527.66040039062	19.0665245056152	19.0831413269043	0.603735208511353	4.38841152191162	635.865295410156	20.04062	-155.4413	23.3	21.4	63
ECA1313	Hawaii	2527.66040039062	19.0665245056152	19.0831413269043	0.603735208511353	4.38841152191162	635.865295410156	20.04062	-155.4413	23.3	21.4	63
ECA1401	Hawaii	2921.55249023438	20.8112888336182	20.8278656005859	0.641119599342346	2.91944694519043	333.370208740234	21.342699	-157.821547	24	26.1	80.1
ECA1403	Hawaii	2921.55249023438	20.8112888336182	20.8278656005859	0.641119599342346	2.91944694519043	333.370208740234	21.342699	-157.821547	24	26.1	80.1
ECA1405	Hawaii	2921.55249023438	20.8112888336182	20.8278656005859	0.641119599342346	2.91944694519043	333.370208740234	21.342699	-157.821547	24	26.1	80.1
ECA1445	Hawaii	5656.2392578125	20.2833404541016	24.098705291748	1	3.84692049026489	345.482940673828	19.8552394	-155.1527495	24.4	26.3	79
ECA1447	Hawaii	5656.2392578125	20.2833404541016	24.098705291748	1	3.84692049026489	345.482940673828	19.8552394	-155.1527495	24.4	26.3	79
ECA1449	Hawaii	5656.2392578125	20.2833404541016	24.098705291748	1	3.84692049026489	345.482940673828	19.8552394	-155.1527495	24.4	26.3	79
ECA1451	Hawaii	5656.2392578125	20.2833404541016	24.098705291748	1	3.84692049026489	345.482940673828	19.8552394	-155.1527495	24.4	26.3	79
ECA1453	Hawaii	5749.7275390625	19.7511081695557	19.767749786377	0.763412892818451	3.35944199562073	362.331878662109	19.854497	-155.15326	24.4	26.3	79
ECA1481	Hawaii	1862.82385253906	21.600170135498	21.6167678833008	0.558106124401093	3.97608780860901	236.573303222656	21.39448889	-157.9002278	23	23.3	86
ECA1518	Hawaii	2211.84423828125	21.196756362915	21.2133884429932	0.589388430118561	4.69027757644653	332.434143066406	21.39774444	-157.8914889	20.9	23.1	74.4
ECA1579	Hawaii	2011.6591796875	20.897159576416	20.9137916564941	0.572939515113831	2.98236036300659	322.71728515625	21.317253	-157.81937	20.9	22.2	77
ECA1581	Hawaii	2011.6591796875	20.897159576416	20.9137916564941	0.572939515113831	2.98236036300659	322.71728515625	21.317253	-157.81937	20.9	22.2	77
ECA1583	Hawaii	2011.6591796875	20.897159576416	20.9137916564941	0.572939515113831	2.98236036300659	322.71728515625	21.317253	-157.81937	20.9	22.2	77
ECA1585	Hawaii	2011.6591796875	20.897159576416	20.9137916564941	0.572939515113831	2.98236036300659	322.71728515625	21.317253	-157.81937	20.9	22.2	77
ECA1599	Hawaii	1862.82385253906	21.600170135498	21.6167678833008	0.558106124401093	3.97608780860901	236.573303222656	21.394489	-157.90023	23	23.3	86
ECA1603	Hawaii	1862.82385253906	21.600170135498	21.6167678833008	0.558106124401093	3.97608780860901	258.08056640625	21.39578611	-157.9005111	22	22.7	90
ECA2087	Hawaii	1862.82385253906	21.600170135498	21.6167678833008	0.558106124401093	3.97608780860901	236.573303222656	21.394489	-157.90023	23	23.3	86
ECA2898	Hawaii	1803.97277832031	22.9667434692383	24.3111934661865	0.557622015476227	3.97776937484741	63.4140167236328	21.355658	-157.7645652	25.2	27.9	74.2
ECA2899	Hawaii	1803.97277832031	22.9667434692383	24.3111934661865	0.557622015476227	3.97776937484741	63.4140167236328	21.355658	-157.7645652	25.2	27.9	74.2
ECA2900	Hawaii	1803.97277832031	22.9667434692383	24.3111934661865	0.557622015476227	3.97776937484741	63.4140167236328	21.355658	-157.7645652	25.2	27.9	74.2
ECA2910	Hawaii	1803.97277832031	22.9667434692383	24.3111934661865	0.557622015476227	3.97776937484741	63.4140167236328	21.355658	-157.7645652	25.2	27.9	74.2
ECA2920	Hawaii	1803.97277832031	22.9667434692383	24.3111934661865	0.557622015476227	3.97776937484741	63.4140167236328	21.355658	-157.7645652	25.2	27.9	74.2
ECA2954	Hawaii	1402.375	21.9622020721436	23.3066711425781	0.501613736152649	3.57241272926331	294.542175292969	22.0638967	-159.3522759	21.6	22.3	80.5
ECA2955	Hawaii	1402.375	21.9622020721436	23.3066711425781	0.501613736152649	3.57241272926331	294.542175292969	22.0638967	-159.3522759	21.6	22.3	80.5
ECA2976	Hawaii	1402.375	21.9622020721436	23.3066711425781	0.501613736152649	3.57241272926331	294.542175292969	22.0638967	-159.3522759	21.6	22.3	80.5
ECA3053	Hawaii	2496.19848632812	18.9583015441895	18.9749164581299	0.600335240364075	4.53571844100952	639.796447753906	20.0389764	-155.4399684	17.5	17.5	78
ECA788	Hawaii	2106.21948242188	21.8093090057373	21.8259124755859	0.57763147354126	4.35191249847412	240.896423339844	21.362625	-157.779914	24.4	26.7222222	76
ECA789	Hawaii	3672.89575195312	21.5923500061035	21.6090068817139	0.682905077934265	4.62025880813599	156.798797607422	21.336056	-157.799786	22.9	22.9	93.7
ECA790	Hawaii	1572.48181152344	22.7989883422852	22.8156318664551	0.524450838565826	2.7600269317627	85.2690963745117	22.053952	-159.367837	31.8	31.5	58.4
ECA791	Hawaii	2271.27490234375	21.8465003967285	23.1909828186035	0.594161987304688	3.50685167312622	212.711776733398	22.193317	-159.478956	22.6	25.3	77.4
ECA792	Hawaii	2271.27490234375	21.8465003967285	23.1909828186035	0.594161987304688	3.50685167312622	212.711776733398	22.193317	-159.478956	22.6	25.3	77.4
ECA793	Hawaii	2265.46044921875	21.8574275970459	21.8740844726562	0.593689799308777	4.63950204849243	185.091827392578	22.194578	-159.478478	24.5	24.2777778	85.3
ECA794	Hawaii	1572.48181152344	22.7989883422852	22.8156318664551	0.524450838565826	2.7600269317627	85.2690963745117	22.053952	-159.367837	31.8	31.5	58.4
ECA796	Hawaii	3696.5126953125	22.0858821868896	23.4303016662598	0.683076977729797	2.97432065010071	90.5845718383789	19.905167	-155.139322	28.3	27.4	67.4
ECA797	Hawaii	4136.99072265625	20.9653930664062	22.3098583221436	0.70373260974884	2.01311731338501	239.705093383789	19.590717	-155.067906	26.6	28.8	65.5
ECA798	Hawaii	3702.05004882812	21.9776706695557	21.9943428039551	0.683402180671692	2.05621004104614	99.4412536621094	19.906725	-155.141275	26.6	23.3	84.7
ECA799	Hawaii	4136.99072265625	20.9653930664062	22.3098583221436	0.70373260974884	2.01311731338501	243.535339355469	19.589467	-155.068069	25.3	23.7	68
ECA800	Hawaii	5845.59619140625	19.4104137420654	19.427038192749	0.766029477119446	4.3589072227478	432.402679443359	20.78352803	-156.0650423	29.3	27.7	74.4
ECA801	Hawaii	5845.59619140625	19.4104137420654	19.427038192749	0.766029477119446	4.3589072227478	432.402679443359	20.78352803	-156.0650423	29.3	27.7	74.4
ECA802	Hawaii	5845.59619140625	19.4104137420654	19.427038192749	0.766029477119446	4.3589072227478	432.402679443359	20.78352803	-156.0650423	29.3	27.7	74.4
ECA803	Hawaii	5845.59619140625	19.4104137420654	19.427038192749	0.766029477119446	4.3589072227478	432.402679443359	20.78352803	-156.0650423	29.3	27.7	74.4
ECA804	Hawaii	5310.44287109375	20.5625419616699	20.5791778564453	0.74794989824295	4.02539825439453	283.555389404297	20.807406	-156.096654	25.4	24.3	81.2
ECA805	Hawaii	5310.44287109375	20.5625419616699	20.5791778564453	0.74794989824295	4.02539825439453	283.555389404297	20.807406	-156.096654	25.4	24.3	81.2
ECA806	Hawaii	5468.783203125	19.8611736297607	19.8777809143066	0.75334233045578	3.45523691177368	382.552215576172	20.813647	-156.118573	24.3	24.9	86.3
QG131	Hawaii	1779.658203125	23.0441455841064	26.8595867156982	0.550932049751282	2.40043067932129	11.5911865234375	22.22955	-159.4764	NA	NA	NA
